x=[592,545,610,590,515,614,486,348,534,534,533,534,548,474,299,395,516,652,644,348,480,526,305,588,567,531,630,590,439,604,479,497];
REX=[16547,598,42,-160,88,-216,201,-79,193,-370,-312,857,337,-4,59,-88,-201];
IMX=[0,133,-20,-87,-1029,680,-266,308,-578,163,-147,-42,645,-288,129,241,-9];
figure(1);
plot(x);
title('Time Domain Signal');
axis([0, 35, 250, 700]);
figure(2);
plot(REX);
title('Frequency Domain Signal(Real Part)');
figure(3);
plot(IMX);
title('Frequency Domain Signal(Imaginary Part)');
