REX=[517,18,1,-5,2,-6,6,-2,6,-11,-9,26,10,0,1,-2,-6,-2,2,0,11,26,-9,-11,6,-1,6,-5,2,-4,3,21];
IMX=[0,4,0,-2,-32,21,-8,9,-18,5,-4,-1,20,-9,4,7,0,-8,-4,8,-20,1,4,-5,17,-10,7,-21,32,2,0,-4];
xr=[591,526,592,569,501,591,470,337,517,518,520,516,531,460,288,377,491,629,625,348,467,504,295,564,549,518,616,572,435,592,470,495];
xi=[-5,-2,-4,-15,-15,-21,-16,-5,6,-3,-5,-11,-9,-10,-4,10,5,8,-1,-9,4,1,20,14,9,18,12,-6,3,7,4,12];
figure(5);
plot(REX);
title('Cosine Amplitudes');
figure(6);
plot(IMX);
title('Sine Amplitudes');
figure(7);
plot(xr);
title('Time Domain Signal IDFT (Real Part)');
axis([0, 35, 250, 700]);
figure(8);
plot(xi);
title('Time Domain Signal IDFT (Imaginary Part)');
axis([0, 35, -250, 250]);
